2015-01-02 0070356 1 0
2015-01-04 0086022 5 0
2015-01-10 2267998 2 0
2015-01-11 0091670 6 1
2015-01-12 2582802 4 0
2015-01-14 0108550 1 0
2015-01-18 0053279 3 0
2015-01-18 2400275 2 0
2015-01-19 0299478 5 0
2015-01-21 2350496 3 1
2015-01-22 2758880 5 1
2015-01-26 0101829 3 0
2015-01-30 2788710 1 0
2015-01-31 0055499 5 1
2015-02-08 0060827 6 0
2015-02-08 0064612 4 0
2015-02-12 0062873 4 0
2015-02-14 0065772 4 0
2015-02-15 0053976 4 1
2015-02-21 0068205 4 0
2015-02-23 3483194 2 0
2015-02-28 0057358 5 1
2015-03-04 0083922 6 1
2015-03-22 0050986 4 1
2015-03-23 0428803 4 0
2015-03-29 0073822 4 1
2015-03-29 3011894 4 1
2015-03-31 2326554 1 0
2015-04-04 0015864 4 0
2015-04-05 0053168 4 0
2015-04-06 0048021 4 0
2015-04-09 0069995 5 0
2015-04-11 0053198 4 0
2015-04-12 0027977 5 0
2015-04-12 0053619 5 0
2015-04-20 2121382 4 0
2015-04-25 0021749 5 0
2015-04-26 0071141 4 0
2015-04-30 0085809 6 0
2015-05-02 0057611 6 1
2015-05-03 1791528 5 0
2015-05-07 0066207 3 0
2015-05-10 0044060 3 1
2015-05-11 0048424 6 0
2015-05-11 1617661 1 0
2015-05-16 0032553 4 0
2015-05-17 0069467 6 1
2015-05-21 3316960 2 0
2015-05-23 2802144 1 0
2015-05-24 0074626 3 0
2015-05-26 1392190 5 0
2015-05-31 0056119 5 0
2015-05-31 0084628 4 0
2015-06-02 0816692 5 0
2015-06-06 0470752 2 0
2015-06-06 3416742 3 0
2015-06-07 0070460 4 0
2015-06-10 2737050 1 0
2015-06-11 2172584 2 0
2015-06-13 0057935 5 1
2015-06-16 0074991 6 0
2015-06-19 0368226 5 0
2015-06-20 0039192 4 0
2015-06-20 0046487 4 0
2015-06-25 0096257 5 0
2015-06-28 0051792 5 1
2015-06-28 0077711 5 1
2015-06-30 2096673 6 0
2015-07-01 0054389 2 0
2015-07-12 0074870 2 0
2015-07-23 0069400 3 0
2015-07-25 2718492 2 0
2015-07-29 0081455 4 0
2015-08-07 0082783 5 0
2015-08-08 0083946 5 0
2015-08-09 0083702 4 0
2015-08-09 0085933 3 1
2015-08-16 0110057 5 0
2015-08-16 0245574 5 0
2015-08-22 0118884 4 0
2015-08-23 0052893 5 0
2015-08-28 0910970 6 0
2015-08-30 0077588 4 0
2015-09-01 3685218 2 0
2015-09-06 0080661 5 0
2015-09-21 1074638 4 0
2015-09-25 0129167 2 0
2015-09-26 0082085 5 0
2015-09-28 0119094 3 0
2015-09-29 0051036 4 0
2015-10-04 0115734 3 0
2015-10-08 3774694 5 0
2015-10-17 0369610 1 0
2015-10-18 0079641 3 0
2015-10-18 2818654 3 1
2015-10-21 0088763 5 0
2015-10-24 0096874 5 0
2015-10-25 0086984 6 0
2015-10-31 0076740 5 0
2015-11-01 0078908 4 0
2015-11-07 0443706 4 0
2015-11-08 0063759 4 1
2015-11-08 0118655 1 0
2015-11-10 0120832 4 0
2015-11-15 0040725 5 0
2015-11-15 0070904 5 0
2015-11-17 0280665 6 0
2015-11-21 1829012 4 0
2015-11-21 2381249 2 0
2015-11-23 0080179 3 1
2015-11-24 2379713 3 0
2015-11-27 0072962 5 1
2015-11-28 0077598 5 0
2015-11-29 0083281 3 0
2015-11-29 0477348 5 0
2015-12-02 2582496 3 0
2015-12-03 0105217 4 0
2015-12-05 0080149 3 0
2015-12-06 0033467 5 0
2015-12-11 0056714 3 1
2015-12-13 0075276 4 0
2015-12-15 0073198 6 0
2015-12-16 0047478 5 1
2015-12-19 0076759 3 0
2015-12-19 0103882 3 0
2015-12-20 0080684 4 0
2015-12-20 0086190 2 0
2015-12-21 0051808 4 1
2015-12-22 2488496 3 0
2016-01-04 0108394 3 0
2016-01-04 0478970 2 0
2016-01-04 2281587 1 0
2016-01-09 0071129 5 0
2016-01-10 0106301 3 0
2016-01-12 0048473 6 1
2016-01-13 0105643 3 0
2016-01-15 3659388 2 0
2016-01-17 0079182 4 1
2016-01-18 1663202 3 0
2016-01-22 0074360 5 0
2016-01-24 0030643 4 0
2016-01-24 0062480 6 0
2016-01-26 0070698 3 0
2016-01-30 0056663 4 0
2016-01-31 2494362 3 0
2016-01-31 3235888 4 0
2016-02-03 0049730 6 0
2016-02-14 4428814 1 0
2016-02-23 0096754 3 0
2016-02-27 0048641 3 1
2016-02-29 1664894 4 0
2016-03-02 0094964 5 0
2016-03-06 1568152 4 0
2016-03-09 1798709 6 0
2016-03-13 2321549 3 0
2016-03-14 0059592 3 0
2016-03-18 0024188 2 0
2016-03-19 0071381 6 0
2016-03-20 0065036 1 0
2016-03-21 0076085 4 0
2016-03-23 0087644 6 0
2016-03-26 0166924 6 0
2016-03-28 0113568 4 0
2016-03-30 0054167 4 0
2016-04-02 3460252 1 0
2016-04-09 0047034 4 1
2016-04-09 0088412 3 0
2016-04-10 2649554 3 0
2016-04-17 3397884 3 0
2016-04-20 0048956 5 1
2016-04-25 0087317 5 0
2016-04-25 0109424 4 1
2016-04-27 0118694 5 1
2016-04-30 3170832 4 0
2016-05-01 1431045 1 0
2016-05-03 0086936 4 0
2016-05-04 4263482 4 0
2016-05-11 0098669 4 0
2016-05-13 1179933 3 0
2016-05-14 0073076 4 0
2016-05-15 0101985 6 1
//2016-05-21 3053694 5 0
2016-05-22 0087332 2 0
2016-05-23 2452254 4 0
2016-05-23 2948356 3 0
2016-05-25 0069762 5 0
2016-05-25 0077405 6 0
2016-05-27 0244316 4 1
2016-05-28 2402927 4 0
2016-05-29 0050539 4 0
2016-06-02 0246135 6 0
2016-06-04 0114148 4 0
2016-06-07 1595656 3 0
2016-06-08 0051365 4 1
2016-06-11 2401878 5 0
2016-06-14 0091830 5 0
2016-06-15 0051418 2 0
2016-06-16 0058530 2 0
2016-06-27 0035279 3 0
2016-06-27 2101383 4 0
2016-06-28 0105151 5 0
2016-06-29 2975590 2 0
2016-06-29 0070544 3 0
2016-06-30 0040522 5 0
2016-06-30 0053270 3 0
2016-06-30 0036342 4 0
2016-06-30 0086541 5 0
2016-06-30 0071994 4 0
2016-06-30 4515544 2 0
2016-07-02 1093824 5 0
2016-07-03 0055018 4 0
2016-07-04 1974419 5 0
2016-07-09 0082010 3 0
2016-07-10 0047811 5 0
2016-07-10 0021576 4 0
2016-07-10 0022462 3 0
2016-07-10 0024803 3 0
2016-07-10 0024844 4 0
2016-07-12 0073650 5 0
2016-07-16 2846972 4 0
2016-07-17 0073440 5 0
2016-07-19 4062536 4 0
2016-07-23 0079336 3 0
2016-07-23 0087821 4 0
2016-07-25 0062229 5 0
2016-07-26 0060647 4 0
2016-07-30 0402399 6 0
2016-08-04 0075612 5 0
2016-08-07 0073705 4 0
2016-08-09 0070130 5 0
2016-08-13 3296658 4 0
2016-08-14 2084989 2 0
2016-08-16 0064451 5 1
2016-08-24 0462335 3 0
2016-08-25 1216496 5 1
2016-08-25 0053134 5 1
2016-09-11 3498820 2 0
2016-09-21 1683048 3 0
2016-09-26 5700672 4 1
2016-09-28 0060390 3 0
2016-09-29 0064296 5 1
2016-10-03 4645368 5 0
2016-10-05 0034587 3 0
2016-10-07 0114436 4 0
2016-10-08 0803096 1 0
2016-10-08 3040964 3 0
2016-10-08 2375605 5 1
2016-10-09 3521134 5 0
2016-10-09 5326448 5 0
2016-10-12 0055830 5 0
2016-10-15 0067411 5 0
2016-10-15 1128075 6 1
2016-10-15 0108122 5 0
2016-10-22 0068278 4 0
2016-10-22 1700841 2 0
2016-10-23 4726636 4 0
2016-10-24 0108435 4 0
2016-11-01 0101765 5 0
2016-11-04 2277860 4 0
2016-11-07 3716530 2 0
2016-11-13 0079095 4 0
2016-11-16 5215952 5 1
2016-11-20 5278506 5 0
2016-11-22 2543164 5 0
2016-11-23 5115004 5 0
2016-11-27 0057345 5 0
2016-12-04 0851578 4 1
2016-12-04 0076590 3 0
2016-12-06 0093177 3 0
2016-12-10 0043014 5 0
2016-12-14 0103919 5 0
2016-12-18 0065234 5 0
2016-12-19 0057176 4 0
2016-12-20 0120863 5 0
2016-12-20 0043338 5 0
2016-12-21 0061113 4 0
2016-12-21 0095294 2 0
2016-12-21 4139124 2 0
2017-01-02 4701660 3 1
2017-01-02 0151804 4 0
2017-01-02 3013610 4 0
2017-01-07 0074811 5 0
2017-01-07 0047396 5 0
2017-01-08 0059646 4 0
2017-01-08 0032599 4 0
2017-01-09 3783958 5 0
2017-01-16 0048393 4 0
2017-01-18 0079672 6 0
2017-01-19 2078648 6 0
2017-01-21 1895587 2 0
2017-01-25 0057869 3 0
2017-01-28 0038355 5 0
2017-02-04 4048272 5 0
2017-02-05 0096734 2 0
2017-02-08 2513074 5 0
2017-02-15 1211837 2 0
2017-02-16 0084899 2 0
2017-02-20 2582782 4 0
2017-02-22 0058701 4 0
2017-02-23 0073582 4 0
2017-02-24 1619029 5 0
2017-02-25 5275892 6 0
2017-02-26 5895028 4 0
2017-03-03 2382298 2 0
2017-03-04 2361846 3 0
2017-03-05 0031679 5 0
2017-03-08 0111507 4 0
2017-03-14 2245084 3 0
2017-03-18 0112431 5 0
2017-03-18 0460829 5 0
2017-03-21 3521164 3 0
2017-03-22 0111495 5 0
2017-03-24 3748528 2 0
2017-04-01 4669986 4 0
2017-04-02 4016934 4 1
2017-04-08 0123730 3 0
2017-04-09 0060268 4 0
2017-04-11 4972582 5 0
2017-04-17 0071315 6 0
2017-04-18 2062700 5 0
2017-04-22 0120595 5 0
2017-04-24 0103767 5 0
2017-04-28 0041959 5 0
2017-04-28 0068416 4 0
2017-05-01 0078480 4 0
2017-05-02 0070820 4 0
2017-05-06 4975722 3 0
2017-05-07 0047445 4 1
2017-05-28 3385516 1 0
2017-06-01 3315342 3 0
2017-06-02 4291590 3 0
2017-06-03 5052448 5 0
2017-06-05 0028165 3 0
2017-06-06 0079944 6 1
2017-06-10 5804038 5 0
2017-06-17 0072271 5 0
2017-06-17 0048750 4 0
2017-06-17 0058329 4 0
2017-06-18 0387877 2 0
2017-06-24 0106308 2 0
2017-06-24 3464902 4 0
2017-06-26 0068611 4 0
2017-06-26 1972663 3 0
2017-06-27 0337876 5 0
2017-07-01 0065143 4 1
2017-07-02 3967856 5 0
2017-07-03 0087909 5 0
2017-07-03 0053114 5 1
2017-07-03 0076786 5 0
2017-07-04 0055852 6 0
2017-07-05 0080923 4 0
2017-07-08 0057423 5 0
2017-07-09 0084777 4 0
2017-07-11 0056732 5 0
2017-07-12 5275828 3 0
2017-07-15 0082275 4 0
2017-07-15 0081204 5 0
2017-07-17 0064591 3 0
2017-07-18 0209942 4 0
2017-07-18 0179389 5 0
2017-07-22 0062430 1 0
2017-07-22 0065466 2 0
2017-07-28 0050706 5 0
2017-07-29 0089885 4 0
2017-08-05 0080009 4 0
2017-08-05 0086087 5 0
2017-08-06 2316204 2 0
2017-08-07 0061847 5 1
2017-08-08 0056058 5 1
2017-08-10 0152252 5 0
2017-08-11 3896198 1 0
2017-08-12 2833768 3 0
2017-08-13 0061882 5 1
2017-08-15 0065553 3 0
2017-08-16 0067439 5 0
2017-08-17 4682708 3 0
2017-08-20 0074102 6 1
2017-08-22 5013056 3 0
2017-08-23 0066026 4 0
2017-08-25 0032976 5 0
2017-08-26 0066819 5 0
2017-08-27 0082307 2 1
2017-08-29 0087100 4 0
2017-08-30 0087193 4 0
2017-09-24 1945228 5 0
2017-09-24 6265828 6 0
2017-09-24 5109784 6 0
2017-09-29 0058946 5 0
2017-09-30 0061955 2 0
2017-10-02 0054156 3 0
2017-10-03 0067656 2 0
2017-10-04 0034240 5 0
2017-10-06 0056218 4 0
2017-10-08 1856101 5 0
2017-10-09 0069398 5 0
2017-10-09 0049902 6 1
2017-10-09 5796516 3 0
2017-10-10 0060138 6 0
2017-10-11 0069019 4 1
2017-10-13 0035446 6 0
2017-10-15 0079714 3 0
2017-10-16 0060304 4 0
2017-10-17 4714782 4 0
2017-10-20 0368226 6 0
2017-10-23 0075938 4 0
2017-10-23 0090728 3 0
2017-10-23 0085180 6 0
2017-10-23 3890160 1 0
2017-10-28 0368226 6 0
2017-10-29 0059616 4 0
2017-10-31 0042619 3 0
2017-11-01 0093608 1 0
2017-11-04 0084787 5 0
2017-11-05 0093677 5 0
2017-11-09 5859238 3 0
2017-11-10 0105665 6 0
2017-11-12 0045848 4 1
2017-11-12 0036775 5 0
2017-11-14 1691152 4 0
2017-11-15 0060959 4 1
2017-11-16 0081633 2 0
2017-11-18 6340264 5 0
2017-11-18 5311514 4 1
2017-11-18 0067040 5 0
2017-11-19 0077740 6 0
2017-11-19 0071737 2 0
2017-11-19 4420704 3 0
2017-11-20 7290768 6 0
2017-11-21 0037008 5 0
2017-11-22 0045251 5 0
2017-11-26 0090015 6 0
2017-11-27 2380307 6 0
2017-11-28 0052561 5 0
2017-12-02 0126886 4 0
2017-12-03 0060827 6 0
2017-12-04 0066735 3 0
2017-12-06 0081318 2 0
2017-12-07 3521126 5 0
2017-12-07 0368226 6 0
2017-12-09 0084549 5 1
2017-12-10 0286751 6 1
2017-12-10 0064897 5 0
2017-12-11 0059459 5 0
2017-12-12 1212428 3 0
2017-12-15 5687334 3 0
2017-12-17 0067641 3 0
2017-12-18 0162346 4 0
2017-12-19 1016205 4 1
2017-12-29 3450958 3 0
2017-12-29 2053463 3 0
2017-12-29 0082971 6 0
2018-01-01 0032904 3 0
2018-01-01 1396484 2 0
2018-01-02 0064040 5 0
2018-01-06 0015768 5 1
2018-01-07 0023649 5 0
2018-01-07 0036506 6 1
2018-01-10 0091670 6 1
2018-01-13 0060138 6 0
2018-01-20 0087884 6 0
2018-01-21 0061996 5 0
2018-01-22 5776858 5 0
2018-01-27 2239822 2 0
2018-01-28 4846232 4 0
2018-01-28 0089907 3 0
2018-01-29 5278832 3 1
2018-01-30 7214762 6 0
2018-01-31 5973032 3 1
2018-02-01 5265960 2 0
2018-02-02 0061655 2 0
2018-02-02 0075314 5 0
2018-02-03 0085794 5 0
2018-02-03 6131712 3 0
2018-02-03 0083722 3 0
2018-02-04 0091251 3 1
2018-02-05 0066122 2 0
2018-02-06 2321405 3 0
2018-02-07 0090903 2 0
2018-02-08 0073155 4 0
2018-02-08 0082933 6 0
2018-02-09 0109579 3 0
2018-02-09 0086250 5 0
2018-02-10 0133093 4 0
2018-02-10 0101428 5 0
2018-02-11 0475290 2 0
2018-02-11 0101318 5 0
2018-02-11 0089153 2 0
2018-02-13 0137523 6 0
2018-02-14 0065152 4 0
2018-02-14 3501632 3 0
2018-02-14 0088846 4 0
2018-02-17 0074285 6 0
2018-02-18 6135348 5 0
2018-02-24 0019777 3 0
2018-03-09 5580390 2 0
2018-03-10 0048452 6 0
2018-03-12 2527336 4 0
2018-03-14 0063350 4 0
2018-03-17 0049730 6 0
2018-03-18 0052357 6 0
2018-03-18 2798920 4 0
2018-03-25 0065761 4 0
2018-03-25 2811878 3 0
2018-03-25 0102926 6 0
2018-03-28 0041154 5 1
2018-03-29 0090182 2 0
2018-03-29 0089489 4 0
2018-03-30 0166896 5 0
2018-04-01 0020640 3 0
2018-04-01 0246578 6 0
2018-04-02 0092076 4 0
2018-04-07 3567288 3 0
2018-04-07 0338013 6 0
2018-04-08 5598102 5 0
2018-04-14 0080979 4 1
2018-04-15 0082927 4 0
2018-04-16 0097216 4 0
2018-04-19 0056846 5 0
2018-04-20 0086154 4 0
2018-04-21 0058138 5 0
2018-04-22 4439120 3 1
2018-04-22 5104604 3 0
2018-04-24 1588170 4 1
2018-04-25 0022158 3 0
2018-04-27 0063611 5 0
2018-04-28 0067919 6 1
2018-04-28 5742374 2 0
2018-04-29 0101410 2 0
2018-04-29 0083001 5 0
2018-05-02 4995790 5 0